0	-449.35	-55.28	661202435041340113226630352002422030152120500362356314515366061162161324121662442264363064310163454200426130452223214150601412055265416155164410404426126626214200064246420145412456566362230520110242222224160511305550543366643001310441215135255
10	-60.9	3.2	020530346056233455300144355265112455364666546353425102531524001225124442363526634312063064310163454200426130452223214150033632432655041361260436060442603204360405154246420145412456566362236520110242222224146606634410063512314055414055114510606
20	-11.01	4.2	643224603455646665116236451426113665231120102220544416114511256164124023162155354100006010522500001122631242463261612036125056250255161061456330251626125536360405154246420145412456566362236546624223162246243262511640514662412264406204226312522
30	-0.64	5.8	142235150326233455304310434234226412036144102052252024312144360113410601363526354100305043626066524112465165264221654150125056250255161061456330251620530544326505464246420145412456566365101446610242222224153455045545012331506104352033615255362
40	-0.34	7.2	142235150326233455304303652103226412036144102024030160531524001225126442366223614265363055025410454200214130450223214150425056250255161061456330251640530040616561154246420145412456566362231446624242220610153455634110063512314055414230060310335
50	4.23	8.8	142235150326233141016236451422341125360166155024025102531536343510252023162123614265363055025410454200214130450223214150425056250255161061456330251640530204360405154246420145412456566362233446624242622224153455045550514262314055414230060255535
60	6.12	18.4	455225101166644253640516015265612155364646155024025102532236643510261324121662444265363055025410454200214230452263214150601412250255161060460411334620536004360404453346420145412456566365102446624213310610153455634110063512314055452023615255362
70	9.31	20.4	142235150326233455616646225262126412064646155024025102532224001225126442366222624324415055025410454200614130452263214150325056255265411065261300203441020560661143322246453140412456566362102446624213410624153455045540063562416054314230060310335
80	12.17	32.2	405225156326233153616646451422312155365644152024025122532224001225126442366222624324415055025410254200214130452263214150601412555265411365261602251620020560152251453352220145452256566366231446624213310610153455045540063531506104352020060316335
90	16.22	30.4	405225156326233153640510451456642155364646155024025122532530043510226442366222626124415055025410254250614130452263214150601412055265411360460436003420530004366143322242450120412456566362102446624213310610153454634110063512316055414030065255362
100	18.57	31.6	405225156326233153616646451422312155365646155024025105531534001510261442321222626124415055025610454200426130452263214650601412055265013152226300263441020560152251152242220145452256566366231446624213222224153454634160063532316055414030463255362
110	18.23	31.2	142225156326233155640510451426112155364646152124025102531534043525126442366222624324415055025410454200426230452261614650301412255265413165222300203460530024366143152245453145452256566362141446624213410610153455045540063531516055464240065250335
120	16.64	32.8	402225156326233155240510451422312155364644152024045102531534043510261442321622624124415055025410454200216130452221612032105056255265411361460436003420530004352251153246450140452256566362102456624113410624153454644110063512316054414030025255362
130	24.42	39.2	405225156322263155640510451422312155364644155024025122531534043510126442366222624324415055005410224200114130452263214650306056255265411360464436003041020560155151152246450140452256566362141456624113410624153454634110063562316055414030463255362
140	31.83	44.8	405225156322233155616640451426614155364644155024025142202224043510261442321622624324463055025410254250616130452663214636125056255265413365260436003120530004352251153246450144452156506362141456624153110610153455644115063531516054314030025255335
150	38.3	52.4	442325156326233153616646451426614155364646152124025142531534003510126442322622624124413055025414254250616130652263212030655056255265411365260436003423530004366151152243250140452156566062102456624153110610153455644115063531516054314030025255352
160	38.99	53.2	442405156322263155640510451452314155364644155024025142531534043510426442366222624324115055025440254250616130452663212030655156255565415365260436003423520560156151152246150140452156566062132456624153110610153455644545063562316055414030025255335
170	45.08	54.0	442405156322433155640510451422314155364644152124025142531534043510426452366222624324415050025410454210612130552263212030665656250265411352226436003120020504366151152246150140452156566062102456624153110110153455634113063534416054314230025155435
180	46.65	54.0	462325156326233153640510441422314155364644152124025142531534043510426452366222624324115055025410454250616130452663212032665656250265411365260432003423530004366151152246150140452156565042102456624153110110153455634113063534416054314035063255332
190	46.63	54.8	442405156322453155640510451422314155364646152124025142531534043510426452366222624324415050025410454210612130552263312030665656255265311352126433004423500004366141132226150140452156566062102456624153110610153455634113063534416054014030063255332
200	47.42	57.2	442405156322263155640510451456314155364644155024025142531534043510426452366222624324415050025440254210612130552263212030655156255265311152422436003423530004366141152246150140452156565062102456624153210616153455644115063512416054314030625555332
210	44.57	58.4	442405156322263155640610451452314155364644152124025142531534053510426452366222624324415050025410454250612120552263312030665656250265411352120136003423530504466155152246150140452156565062102456624153130110153455634140063534416054314030063255332
220	50.23	59.2	442505156326233155640040453422212155364644155022025142531534053510426452366222624324415054025440254500426130452663212030625066255263411352126433004163530004366155152246150140452155565062102456624153110610153455544115063534416054014030063255332
230	47.15	61.2	442425156322263155640510451426314155364644155124025142531534053510326452366222624324415050025410254250612130152663212030125056250225415352160036403623530004366155152246150140452156565062102456644153010110153455644115063512416054314030625555332
240	46.52	58.4	442425156324435155640510453421212152364646155124035142531534053510326452566223624324415054025440254240612130552263312030655154255265415355260136003423530004366155152246150144452156565062102456644153010110153455644115063512416054314030625555332
250	48.33	60.0	442425156322263155640510451456314155064646155026025142533534053510326452366222624324415054025440254240612130552263312020665254255263415365260116003423530514466155152246150144452156565062101456624153010114153455644155063534416054610230663255332
260	49.36	58.4	442425156324435155640510453422212152364646155026025142533534453560326452366222624324415054025440254250612130552263312020651056250263415355260136003423530504366155152256150140452156565062102456644153010010153455624115063512416055314030625555332
270	49.12	58.4	442505156326263155600510453422212155064646155026025142531535453510316452366222624324415050025410253250616130502263212020665656255263415365260236003423530014366155152244150144452156565062102456624153414410153055644115063532416054314031065555332
280	47.52	60.8	442505156326263155100510453422212155064646155124222140531534053510426452566222624624415052025410254210612130552663212030655654255263413152126433004463530004366155152256150140452156565062402256624153010414153455644115063534416054114030065555332
290	48.31	57.6	442505156326263155100510453422212152364646155026025142531534053510426452366242624324415052025410454250612130552663212030425654255663513152125433004463530504366155152246150140452156565462101456644153010110153455644115063634416014314036065555332
300	49.91	59.2	442505156326263155600510453422212155064646155124025140531534053560426452365222624224415052025440554210612130552663212030651056250265415255260136003423530514366155152246150144454156566062102456624153010610153355644115063533416054115030625555332
310	48.9	58.0	442505156324435155640510453422212152364646155002025140531534053110426452366242624624415052025410254250112130552263212030661056255265413156426136003423530014366155152246150144652156565062102256644153010010153455646415063512416054114036065555332
320	49.75	59.2	442505156326263155600510453422212152364646155024034142531534453510426452566222624624415052065410454210612130552263212030665654355265413056260136003463530014366155152246150544452156565062101456644153010010153155646115063634416054114036065555332
330	48.04	57.6	442505156326263155640510453422212152364646155124022140531534053510436452566222624624415052025410254250112130552263212030665654355265423056266136003623530004366355152246150140456156565062101456624153010414153455634115063534416054314030065555332
340	48.2	57.6	442505156326263150640510453422212155344646155026122140531534053510426452566242624324411052025410454210612133552263212030661054255265413156426136003423530014366155152246150144652156565062102456644153010410153155644415063512416024314036065555332
350	48.51	58.0	442505156326263153600510453402216155264646155124034142531534453510466452566542624624415052625410454250112130552663212030661056255265413156260106003423530014366155152246150144452156563062101456624153010010150455644415063512416054114036065555333
360	48.05	58.0	442505156326263155640510453422212155344646155026122140531534053510436452565322624620415051025410454210112130554663212030661654550265413155260136003423530044366155152246150144452156565062102256624153010010150455640415063512416354114030065555332
370	43.78	58.4	442505156326263155640610453422212155064346155424025140031534053526426452566542624324415052025410554210612130552663212030451056250265413156260136003463530014366154152266150144652156565062102456644153010010153155644115063512016354114030665555333
380	42.86	57.6	452505156326263155640510453422212154064646155424222142531534053510466452566222624624415032066440264210612333552263212030661056250005413156426136003463530002306155152246150144652156565062102256624153010010155155640415063532416054114336025555332
390	47.59	63.6	442505156326263155640610453422212152336646155424222140531534453510666453566242624624405052025410454210612133552263212130661056255265413156426136003423530002366154152256150144462156565062102256644153010010150455644415023512416024314036065505332
400	49.27	59.2	442505156326263155600610453422212155064646155124025140031534053515466452566542624324455052025410254210612133552263262020661056250065413155260136003423530004262145152246150144452156565062102256644153010014150455644415063512416354114004065502332
410	48.23	58.4	452505156322263155640510433422242153064346155424022142531534053510466453566242624624415052625410264213612133552263216130631054450265413156460136003423530004366155152246150144652156562062101456626153010010153455644415063512416054116030065502332
420	47.54	58.4	462505156326263155640512456422242155064606155024022140533534453510466452266542624324455052025410154210612133552263216130661054450265413156423136003463530004466155152246150144452156566062102256624153010004150455640416063532416024114054065505332
430	49.58	58.4	452545156326263155640510433222232152566046155424034040531534453510626452566542644624415052525410454240612133552213262430661656355265413156426236003463530004366155152246150144652156565062102256624153010000150455644415063512416054116030065555332
440	42.73	59.2	452505156126163155640510453422242155064646155024020040531534453510666453566542624324415052025410254250112530502223212030461056255265413165422404003463530004426155152246150144652156565062102256654153010010155155644415063534466354114336025505332
450	40.44	60.4	452505156326163155640510453422242155064646155024022140531534453510666452266542624624455052625410254250113130552263212030461056355205313165423401003463530004366155152256150144452156565062102256664153010010155455644415063512410054116030065555332
460	46.83	56.8	452505156526263155640510433222242155064146155025020040561534453210666450566542624624401052625410254250612133554263212030431056455265413165422404003463530004366155152246150144652156565064102456664153010010155155544415063512416354114036065502332
470	47.31	60.4	452505156322253155640510454422202153064646155024022040561534453513466052566222624624415042025460154210612010552263212030661656355265413156412401003463530004366155152246150144652156565060102456654153010010155155644415063534416354114036065555332
480	46.46	58.4	462505156326163155640610453422242152056146155424024040531534453510666450566542624324415050025410254250313030552263212134661056355265413156426111003463530004366156152246150144652156565062402256654153010010155155644415063512410054116030065555332
490	40.98	59.6	462505156326243153606560453422532153056046150424034040531534453610466452266542624324455652023410254250632530502263212030461356355205313165463102003463530002366155152246156244652156565040102456626153010010155155644415063512422054414031665505532
500	44.91	56.4	253505151326263155640510453226202153064643155034024040531534453510466450566542624624455052025460154210612033552263232030461356355265413156426511003463520002366155152346150140652156565060102456624153012010155155614415063512416354114036055555332
510	46.03	59.2	452505156326164153600510433222242155014646155034024040531534453610466452266542624624455052025460154210622030562263214030264653055263413156426502003463520005366155152246150144652156565062101416644153010014155155644415063512410054014031065505332
520	45.73	57.6	253505151326164153600560453422532153064646155025020040531534453540466450566542624624455052025410254250632033552263232030461656355265413156426111003463520002366155152256150144652156565062101456624153010010155155644411063512410054416030065505332
530	48.8	57.2	462505156326243153600560453426242152054646155324022040531536453210466055266342624324415052005410254250612030552263234030461656355265413156426102003466520002366155152246150144652156565562141456624153010010155155644415063534406354014036022505332
540	49.91	61.6	462505156326242155040560453422532153156046155025022040531534453410666450566342024624355052025410254250613560502263212000261653055265413166423402003463530004366155152246156144652156565566141450624153010060155155644411063511410054116036065105332
550	40.96	59.2	462501156326242155640510453422242153564646155025020040531564453410666450566342004624355052025410254250613560502263212000261653055265413156426112003463520005364155152256150144452156565062101456624153010060155455644415403532416354116033025505332
560	48.56	58.4	462505156326243153600520553422532152054646155324022040531536453210466455266342604324415052005410254250313030502263212030461356355265413165556102003463530004336155152256152144652156565566145456624153010010155155644415453522410054114031065505332
570	45.42	59.6	402505156323164153600560453422242153564646155024020040531536453210466455266342604324415052005410251250313030502263212030265653055265413166456102003463520002366155152256150114652156565560145436644150010010155155644415403532416354116036065505332
580	45.59	57.6	462505156326164153600560453422242153564646155024020040531536453210466050566542624324415052525410254050332030652263212030461366355565413056426502003463520004336155352206150144655156565566145436624153010060155455644415063522410054116036065505332
590	45.69	58.0	462505156326243153600560453422242153564646155024020040531564453410666450566541604624425052005410254210313030502263212030265653055565413165426112003463130002366056152256150164652156565062141450424153010060155155644415063562410054012036065505332
600	48.55	61.2	462505156626243153600560450422532153064646155026022040531564453540466050566542604624425052025412254250613030652263252030461346055263413153423111003463520002366155152256150144052156565062100456054153020610155155644415053522410054006031065505332
610	48.33	60.4	462505156326243153600512453422242153506646155024022040531564453540062455226342624324415052000410254050313030652266212030461356355265113166556111003463530004336155352206150144652156565562100456054153010610155155644545063532416354116036025605332
620	47.51	58.0	462505156626244153600560450426132153504646155026022040531564453540466055266343621324415042525410222250313030652253213030461356055265413133423111003463520001366053152246150114652156565566145430424153010060155155644415000562410054146036065505332
630	48.08	58.4	462505156326243152600560453422232153064644155026022000521564453540466055563342624524415052002410224250233560502263212030461356055265413133423111003463130002366055152206150141652156565062100456654153010060155055644415000562410054146036025505332
640	49.95	59.6	462505156326242153600560453422242153064646155026022040531666453540466055266343621224415042525410224250313030501263212030461353055565413152426102003463520002366155152256150144652156565564105436644153110060155155644415000562412054116034065505332
650	50.26	58.8	462506156326243153600560453322532153564646152025022042531264453540466055266343624364415062500410224250613030502263212030464326055555313155426502003461520002366155155146150141652156565552101436644153410610155155644401653562412054116036025505232
660	50.29	60.0	462505156626143153600560453424242153064646155026020440530666453540466055563242624324415062500410224250233560502263212030461354255265113165426502003463130002366155132256150144622156565060140456654153041060155125644415053562412054116034065505332
670	46.39	56.8	462565156326253153601560453422242153064646155026222000531564453540466055563242624324415052005440224250233560102263252030461356255563413166453111003463130002366055152256150144652156565564100453654153010010155155644415063522412054116436025515332
680	48.66	59.2	462565156626143153600560453422241151064646152366022040631566453540466055226342622324415032006410354250632030102263252030461354255265113165426502003461520002366155152256150144652156565564100456654153110060155125644415053522412054116036025505334
690	42.46	59.6	462565156326243153600560453422242153264646155026020040531666453540466055563242624324415052005410224210613530102243252030461354255265113152436501003463520002366055152256150144652156565064100456614153041050155155644435063526412054016036325505332
700	46.27	58.4	462506156326243153600560453422242153264646155026020040531666453540406055563242424324415052505410354050312560502663512030461356255515411152436501003463520002666155152256150144652150565564100456654153120060156125144415054562412052116036525505332
710	48.93	58.0	462565156326243153600560453422242153064646155026042040531664453540562455224342624324415052005410214010213030502263254030461353055263413165426502003463130002366155152256150114652150565062100456654150010550155125654415063522413054106064065505332
720	49.18	57.6	462565156326243153600560413462242153264643155026020040531564453540266055563342622324415002505410354050312560502663512030461356255515111152436501003463500002366055152256150144652156565464100456654153120060156125144415054562412052116036525504332
730	49.81	62.4	462565156326243153600560453622242153064646155026020040531564453540266055563342624324412052005410354050333560102063254030461353055263413152436201003463520002336155152256150114652150565064100456654153120060156125654415063562412052116036525505332
740	49.16	57.6	462565156626146153600560453422252150064646155026022041531566453540466055563242624324415052505410214010213030502263512030461356255515113152436501003463520062366151152255150144652150565062103456614153120060156125654415063522412052116036063505332
750	47.48	58.4	462506156626146153600560053422242153064146155026020041531564453540562455226342624324415052005610214050353560102013254030461356255515103152436501003463540042366055152206150114056156565062103456614153120060156125144415054522412052116536025505332
760	45.73	58.4	462565156626143153600560453422252150064646155026020040531566453540466455224342624324415002505410214000213030501263512030461314355565413152436501003463520002366150152256150144652153565464100456654153120060156125151413065526412652116036025505332
770	47.98	58.8	412565152626143153602560053422242153064146155026020040531564453540466455224342620324415002505411214000213030502663252030461354255265412152436001003463520002366150152256150144652150565464100456654150020460156125144215053562412052113036025505333
780	49.74	58.4	462565156626146153600560453422252150064146155026020040531566453540466455424342624324415002015410214050213030501263252030461354255265413052436001003463120002366050152255150144652156515264100456654153120060156125151413065626412652116036025505333
790	48.9	57.2	462565156326203153600560453422242153064146155026120040531566453540432055566342624324415002505440354050213030501263512030461354255363413152436520003463540002366150154256150144652156515164100456654153120460156125145415063562412052116536065505332
800	44.77	60.4	462565156626243153600560453322242153064546155026052040531664453543466455563142620524415002505410014000213030501263512030461353055265413052436001003463120002066050152256150144652156565062153456654153120460156155144415054562412052116036525505332
810	45.94	58.4	462565155326243153605560453422252150064646155026020040531664453540462055563142620524415002505410214000212560501263512030461354255265413152436521043423520002366150151256150144652156515204100456654153120060156125144415063562412052113036025505333
820	49.43	56.8	162565156626146153600530453422252150064646155026052040531664453543466455563342624424414052005460254050313560501263512030461354255515411622336001003463520002366150151256150144652156515264400456654153120060156125151415054566515052116036025505332
830	47.96	58.0	462565156626143153601566450422252153064546155026052040531564453540432055563142624324415052505440254050313560501264512030401356265565411652436521003463320002366050152256150144652156565062100456652153120060156105144415056162412052113036025505333
840	48.57	57.2	461565156526243153605560453322242153064144155026022040535664453540466455224342624424415052505440254050353560501263511030461314055565411652436501003463310002366051152256150144652156515204100456654153150060156125144415054566515052116536065505332
850	49.92	60.8	432565156526243153601566450422242153064546155026052040635664453540432055563142624424415052505440254050313030501264512030401356265565411652436521003163522002366051152256150144652156565004100456654153120050156125144215054552415052166036525505332
860	48.57	61.6	462565156426243153605560453322242153064546155026052440532566053540466455563142624424415052502440254000312530501263512030461314055165411652436501003463520004336150152256150144652156565062100456654153120050156125144215054062412052116536425505332
870	45.29	58.4	462565156526143154601566450422252153064144155026062040211564453546632055563142624324015052505440254050313030501264512030461354255265411052336001003463520002366050152256150344652156615204100456654153120060156125124115063566515052116036425505332
880	46.05	58.0	462565153626146153601566450402252153064546155026022040531664453543462055563142624424415052505440254050613030501264512030461354252565415652333001063163522004336155152236150344653156565004100456654153140461156155144415044566516052116036425505332
890	50.0	59.2	465565156626143153601266450422252153064646155026022040531464453540466455563142624324415052505410044000213536101264512030461354255566411652136001003463560004336155152236150144652156515264163456654153140461156155144415054566516054116053425505332
900	44.66	58.8	562565156626146153605266450322242153064546155026032045531564453540466455563142624324415052505410244050363032501264512030461314055665311652133101033463522004336052156256150144652156565062163436654153120200156125134415054566516050116032425505335
910	43.21	58.0	465565156626243153606566452322242155364546155006522010531464453546432055563642624324415052502440054050313030501254511030461352255566411652236001003463320032366052156236150144652153515264163456654153120065156124134415054566516050116036425515332
920	43.98	56.4	465565156626143153601266450322652153064144155026522040535664453510166455563642624424015052505440244050343030501224542030401352252565411652133501023463520002366650156236154144652153565063163456654153120061156155144415054566516050116033425505332
930	48.83	57.2	465565156626243153603266450425242155064644155006522040531564453540466455563642624464455152505440244050343030501224542030401314055665311652134101023463522002366650156236150144652153515264163456654153120261156325134415053662412054116053425505332
940	43.35	57.6	465565156626143153501266450322242153064546155006522044531064453520466453563642624404015052505440244050213030501554211530461354225465411652134100033263520056666050156236150144652153515264263456654153140060156155144415053566516050116033425505332
950	49.47	60.4	455565156606143153601266450322252153064646150026022040535650452540466453513642624424455052405410254050263032501264512030463154055665311652433001033463520002366050156230150143652153515264163456654153126060156125044415053162416054116053425505332
960	47.12	60.0	465565156606143153606566462322242155364546155006522040531064453520066455563642624324415052505440244050213030501554211530461354255665411652433001023463526002366050156236150244652153565005100450654153120060156125144415053666516054316053415505332
970	48.55	57.6	465565156606143153601266450422252153064644155026022240531064453543406055563142624324415052505440244050313030501554211530461314055465411652433001023463526002336050156236150244652153565006120450654153120060156122144415053162416054116053425505332
980	47.97	59.2	465565156626243153601266450462252153064654150006522010535650452540466455563642624424455012505340244016363032501554211530461352252565411652433501033463520002366050156230152124652153565014163456654153124261156355444215054162516054116053425505332
990	44.1	59.2	412565155623243153606526450322252153064646150006522010531064453520466453563642624304014051406440244016363032501554211530461352055565311652433001333263526006365650156236150144652153545004163456354153120261156152144415054566516054113133425505332
1000	47.09	57.6	465565156626143153601266450322252153064541150006522250531050453540466453563642624424415052502440244016363032501554211530213352252665311652433001000463320006366050156236150144652153545005563456354153123060156152444415054562416054116053425505332
1010	42.68	60.0	165565156626243153601266450322252153064046155006522010535650453520466455563643624324455052500440244050063032501554211230411353252565411652433501033463526002366050356236150144652153545005300450654153126060156345444415053162416054116053425501332
1020	49.08	57.6	465565155646243153601266450352242153064046155006522010535650452540466453563642624324455013505410244050013032501554211530461352252565411652203501033463520002366050156236150144652153545065163456654153123060156152164415054366516054106053425505332
1030	44.68	58.4	465565156626143153601266450322242153064546150006522011535650452540406055563642624324415251505440244050013032501554211530465352252565511652433001013463520006366050156236150144652153545264163456354153126060156345444415054366516054106053425505332
1040	44.48	59.6	465565155623203153601266450352242153064546155006022010535650452520466453563612624424415252505440244050013032501554211530465352225565311602433001000463321002366050156236150144652153545005563456654153320060156122144015054366406034116053425501332
1050	49.72	59.2	465565156626243153601266450322252153064546155006522010535610452540466455563642624324415054505440244350063032501552251530461352255565311602433001000463320002306650156236150144652154165504133456654153123060156322144015054366406334116053425505332
1060	48.06	60.0	465565156626243153601266460325222155414646155006522610535650452520466455563642624321655052502440244052013032601554211530465352252565311655433001000463320002366650156236150144652154165504563456654153120060156342424015054366516054116053425505332
1070	48.61	59.2	465565156623263153601266450452252156064546155006522010535650452500466453263642624324415252505440244050013032501564211530465352252566311652433001030463320006306650156236150144662152165504563426354153126060156152444115054366516054116053425505332
1080	48.17	59.2	465565151646243153601266451426252153664646155006521610535650453520466455563042624324415251505440044050063032601552201530465352055565311652433001000463350006306650156236150144462153545063563456654153126060156345444415054566516054116053425501332
1090	45.88	60.4	465565156626243153601206451425242153064536155006522610535610452440406055563642624324415052505440044050013032301554211530465352255555311602433001004463320006306650156236150144642154165504563456613153126060156345444415054363416051106053425501332
1100	38.28	59.2	465565156626243153601266460325242153064546155006122240535650452540462453563642624324455051205640244050013032300552231530465352055565311652433001000463320006366610156636150144652153545005563456654153146060156152424015054366516054116053425501332
1110	48.12	60.0	465565156626343153601266451425242153064546155006521010555650453520466455563532624324415051205440244010013002501552231530465352055435311655433001000463320006326650156236150144052153545005563456654150120010156152446415004366526054116053425505332
1120	43.2	60.4	465565156626343153601266460321242153064546155006522240135650452540406053563532624024455055505440044053013004031554211530465352245565311652433001004463320006326650156236150144652150545003563456654153126060156625144014054566526054006053425505332
1130	47.64	58.0	465565156626643153601266460355242153064346155006521010535600452545466455553642624024455252505440244060013003601554211430465352252655311652433001004463360502366650154236150144652153545005563456654153323060156625144015054366406054006053425505332
1140	44.12	56.0	465565156626343153601266460325240153034346155006521010515650453500366455563643624324415052505440044050013032301554211560465350052655311652433001000463320006306650156236150644652153545264563456654150323040156345444411054562526051116053425505332
1150	42.28	57.2	465525156626243153601266450325240153064346154006552010535650452540466053563532624024455051205446644050013032001554211530465452242655311652433001000463320006306650056236150144652153545063563456654153126060155622146415064566516054116043425501332
1160	49.85	60.4	465565154626243153601266460452254153064146155006522240535650452500466453563542624324413552505440044010013002301654211530465354252655311652435001003463320006301650056236150144652153545005563456654153326040156345444014054566526054006053425505332
1170	45.23	62.4	465565156626253153601266450325250153064546155006521010535220452540466455553642624324415252505140044053013032001554241530465356252655311652433131004463320006326650156136150154652153545005553456654153326060156152444015054366526051116063425506332
1180	49.24	58.8	465565156626243153601266450325250153064546155006521010535220452540466455553642624324410052505440044050011004001554245530461354252555311655233001000463320006306650156236150144032156545064503454654153126040156152444015654366526054006053425503332
1190	49.24	58.8	465565156626243156601266450325250153064546155006521010534650453020461453263642624324405261205440044553011004001554211530425352256355311652433131000463310006326650156136150144032153545005563056654153303040156152444015054562526051006053425505332
1200	49.07	58.4	465565156626243153601266450325250153064546155006521010535220452540462450563532624324410052505440044553011004001654211530465354252655311652433001003463320006326610356236150144032153544005563456654153626060156325144012054566526051006051425505332
1210	49.68	58.0	465565156626243156601266350325254153064146155006521010535220452540466455063642664324410052505440044053013204001354041530465354252355311652433131004463320006326650156236150144052153544005563456654153123060156423444015654366436054056053465505332
1220	49.43	59.6	465565156626243153601266450325250153064546155006521010535620452500466453263642624024410052505440044010013032001354211430465452255555313652433001003463322006301650156236150144052153544005563456654153626010156423444015054566526054006053425505332
1230	50.39	60.8	465566156626243153601266450320250153064146155006521010135620452540466455053642664324410051205440044053013003301554041530463354252355311652633000016462300006326650156236150164052153544005563456664153323010156625143015054566536051006051425505332
1240	50.01	57.6	465566156626243150601266451425240153064146155006521010131620452540462453263642124324420052505440244610013204001354041530465354252355311652433131004463320006326650156034150144052154544005563456664153323060156625144015054366416054006053425505332
1250	47.56	58.8	465566156626243153601266450325240153064143155006521010135620452540462453253632624024410052505440044010001004001654231530465452251355303652433001000563320006326650156536150144052153344005263456654153323060156625144015054346416054006053425505332
1260	46.87	59.2	465565156626213153601266450325240153064146155006525010545652452500406055563642664324413552505140044053003003301354211530665454240355303652433031004463320006326650155236150144032154544005563056654153626060156625144015054366426054066553425505332
1270	45.78	57.2	465566156626243150601266250320240153064143155006121010535220452500406055263642664346410052505440044610013406001354211430465154255555311652432001003463320006306650116236150163652153545005263456654153123215156625144015054366416054006053425502334
1280	44.95	58.0	465566156626653153601266450325240153044146155006521010535220452500406453563653624326410052505440044610513406001354211430615156242355301652432031000463320006306650156236150144032153543005563056654153626064156425144015054366416054006053425505332
1290	44.44	58.8	465566156626243153601266450325240153064143155006521010511652452000406053263642124324413552505440244610013203301554211430615156242355311652432001003463320006326650156236150145052153344005563056654153626015156625144015054366416014006053425505332
1300	41.16	62.8	465566156626243153601266451325240153064443155006521010511652452500406053263642124324413552104440044053016004001354211430615156242355311652432001003463320006306650156034150144032153544005563056654153126015156615144015054366416054006053425505332
1310	46.38	58.8	465566156626253153601266450325240153064143155046525010511652452000406053263642124324413552505440044653013033006354211430265452255555311652432001004403320006306650116216150144032153343005565056654153626064156625144015054366416054006053425505332
1320	49.09	56.8	465566156626243153601266450325240153044146155006521010511652452400406055243632124324423552505446044052016003001354211430265452255555311652332001004463320006306650156034150144032154544005563056654153626060156625144315054366416054006053425505332
1330	46.82	58.4	465566156626243153601266450305240153064103155006521010535200452000462455563632154324413552505423044653013033001354211430265452255355315655130001100463320006306650116216150154034154544005563056154153323060156625144315054366416054000053425502332
1340	46.93	58.4	465566156636243153601266450325240153064146155406521010535200452000406455563632154324413552605440044050013032001354211532465455240355311652432001004463322006306650126236150145034153544005543056254153626060156625144315054366016054006053425505332
1350	47.88	60.8	465666156626543150601236450325240153064146155206111010511652452500406055243632124324413552505423044653016004001554211430615156242355311652430001004463320006306650156216150154034153344005563056654153623215156625244015054366416054006050425502332
1360	46.29	58.0	405566156625543150601266450325245151044146155006521010511652452502462455563652124324420052505406044053016004001554211430615455240355311662432001004463320006306650116216150144032153343005063056554153026064156626144031056366416054006053425505332
1370	48.55	61.2	465666156656243153605266450315240153044146155006521010411652452500462053263642124324423532505446042053213033001354211530215156245555311652432001004463322006306650156216150244232153544005563556554153623215156625144315054336016054006053425504332
1380	49.01	57.6	465666156625243154601266400325240153064144155006511010535220456000466055243632124324413552605440042653013032001354111432415156240355311652130001654603322006306650116216150144032153544005543056654153626060156620144315054366016054006053425505332
1390	49.92	59.6	465666156625243153601266050325240153044146155006511010535220452500406055243232152344423532505440044253016004001554211430615455240355311662432001654603320006306650136236150134432153545005363056554153626010156625144013054366416054026053425505332
1400	49.3	56.8	466566156623243153605062450315240153044146155006521010535220452500463055213232154344323556605440042653013032301554211430265452245555311651432001604443320006306650156236150144032153544015543056654153626060156622144315054366416054000053425505333
1410	50.2	61.2	265666156625241153005261450315240153044146155006521010535220452500406454163632152324423552505440042650013032001354011430265156240355361662432201004463322006306600156216150244232153544005543056654153606010156625144015054366416055000053445405332
1420	37.76	57.6	461666156626543153601265100325240153044146155001425010535220452500462454263602154324423552505440042650013032001354011430265116242555361662432001654603320006206650136236150544230153544005563056554153623010156025144315054366016054005053445505332
1430	43.77	60.0	465366156625251153005261450315240153044546155001425010535220452100462454263632154324323552505400044050013036001354011430265116242555311662432001654603320006306650116256150244232153544005543056654153616064156625444315054366516054006053441405332
1440	49.85	57.6	465666155623243153606266050325240153044546155001425010535220452100462454263632156344323552605140046653013032001554011630665156240355361662432001654603320006306653156116154154232153544005543056254153623010156225144315054366016054000053425502332
1450	49.13	59.2	465666156623263153603266050325240153044544155006521010411651452500462454263602126344323552605140046653013032001554011430265116442555311662432001604603320006306650156216150244234153544005543056254153623060156025144315054366416053000053445402332
1460	40.83	58.0	465666156626543153606266030325240153034146155006521010411651452500463055263632152324323552505440042653013032001554211430665116542555361662130001004603340016206650146216150134231153544005543056554153623010156025144315054366416054040053025504332
1470	47.81	58.4	465366156225263153601266050325240153444646155206525050535220452500663055263632154324333552545440042650013036001354011030265052240355311652130001004603320002306650116236153134432153543525543056554153623015154625144315054366536054206053445405332
1480	48.36	56.8	465666156625543153606366000315240153042146155206521010535220452500462454463632156344353552505440032650013036001564011430265052205555311652130001004614320216206650146216150134232153543065543056254153621015156025144315053366416054000053445405232
1490	49.24	59.6	465666156626543153406266000315240153042156155001521010535220452500462454246632152324323552505440044053014012001554011431265056242555361662030001004601320001306650156216153134432153544035543056212153623260156025144315054366413054006053446405332
1500	45.12	56.4	465666156626543153406266000315240153042156155001521010535220452500462054263632154324323552505400044653013132001554411430665445240353311652430005604603320006200650106260150244432153544035543056264153623015156025144315054360413054000053445405232
1510	48.45	58.0	465566156625251153606266050325240153044146155006521010535220451100462454563632156343323552605240042653013033001554211431415455241355306652462001004603320004306650156216150244432153543161544056553153621015156025144315054360413054000043441405352
1520	49.38	63.6	465666156626543153606266050345240153064146155066511250535265051100464454263602156343323552605240042653013032001551411430655156242355361663432001004603320001306050156216150245632153544635543056254153623260156621144316054336416051446053031405335
1530	48.23	58.8	465666156626543153641266053225210153044146155006521010565220452500462454563632154324323552505240042653011032001554211430255435251555321652436031004603321011300650106260154154432153543135543056254153623260156621144313014366446554000053445005335
1540	48.84	58.8	465666156626543153406266050225241153034146155004516016535511452500462454563632154324323552505240042653013032001554011430255036242255361652436041004603300011300650106260150244432153533065543051254153623260156621114313014366416054016653445405332
1550	43.18	58.0	465666156626543153641266050225240153034146155004511013531660452600464454563652154324323552605440042656013032001554211430255435251555321652436031004603321001306650156216150244432153543135543056254153623260156621164313214566416554000053401405335
1560	50.1	59.2	465666156626543151606266050245240153042126155002525250535511452500462054563332154124333552505240042653421012001454241430665106251555320652436031002603021011300650106216154133232153142055543056254153623260156621144313214566446554000053445005342
1570	49.41	58.4	425666156626543151606266050245240153034146155006521010415511452500462054263632154324323552505240042653411032301554011430665106245345361652436031004603321041306650156216150244432153543555543056554153624060156621144313054366416554000053401405335
1580	49.41	62.0	465666156626543153644266053225241153134146155002521256535221452500443054213132154324323552505240042653013032001554411430665106245355321052436031004603321041306650156216154153232153543135543056254153623260156621114315034366416554000053401405335
1590	49.04	58.8	465666156626543153644266053225241153034146155002521256415511452500462454263132154324323552535240042643413032001554411430655435251555361643432031004603320041306650156216154153232153543555543056554153624060156621144315014366416554000053401405305
1600	48.34	59.6	565666156626543153606266050325240153034146155002521266535221452500463054263132152324323552505240042653113032001556441432665155241555321052436004054603321041306650156216154153232153543555546056554153624060156621144315014366416554000053402405335
1610	48.1	60.4	465666156626543153641236050325241153034146155052525550415111452500462054513632152324323556506240042653013032001554211430665106245655321052436031004603320141306650156216154153232153543555543056554153623260156621144315014366413054000053451405305
1620	49.23	58.8	465666156626543153641266030245241153044106155002521266535221452500442054513632152524323556505240042653013032003534511430255435251655321043032031044603321041306650656260154133232153543555543056554153624060156621144345014156413054000053404405335
1630	48.46	59.2	465661156626543153644266053225241153034156155004525210535511452500442054513632152324323552505240042643513032001554211430255435251555361663432031004603321005306650156216154153232153543555543056554153624060156651140315014156413054000053451405035
1640	44.04	59.2	465666156626543153641266030245241153044156155002521010515521452500462454263632152324323552505240442646013032003134211430255435251555361663425011004603320141505650146016154153232153543555343056154153624060156651140315014156413054000053401405035
1650	50.08	58.8	465666156626545153641266053045240153034156155052525210535511453500442054513632252324323552535446042656013032001554011335255435221555361663432031004603321041306660156213150244432153543535543056552153623560156621144313254306416554500053401405035
1660	48.12	58.0	465666156626545153641266050625243153034156155004525210535511452500442054513665152324523552515540042650013532001554011431255156251555361663432031004603321065506650156216154153232152543555543056554153124060156621144313254306416554500053421005035
1670	49.68	59.2	465666156626545153306266050625340153434146155002525354535511452400465454363332252324323552535446042653013032005554011431255235251555361663432031004603321065505650446016154153232153543555543056154153624060156621144313214566411554100053401405035
1680	49.22	57.6	465666156626543153541266050625240153034656155004516010535221452400465454363332154324323552506240042646013032005554011430251435251555361663432031004603321065505650346016154153232153543535543056552153624060156651144313254306416554500053401405035
1690	43.05	59.6	465666150626543153541266050625240153034656155004516010535221453500415454363332052324323552505540042650013532005554011430255156251555361663432031004603321065505650446016154053232153543555543056154153624060156621144314214156411054000053401405035
1700	42.18	57.6	465666156626545153641266053625240153034656155004526010535221452400465454366332032322323552505446042626512032005554011431255156251555361663432031004603320105306650156211154153532153543555523056552153624000156621144314214566416556500053451405035
1710	45.48	58.8	465666156626545153441216030245240153064616155004525210535511452400462052363332054524323552526446042626012032005554011430255465151255361663425511014603320141505660446014154153232153543555343056154153624060156621144316314566410554350053401405005
1720	49.55	58.8	465666156626545153641216033045241153034156155004526010535221452400465454366332032322323552526240042650013532001554011430255405151255361663432031004603320105306650146214151153262153543555523056154153624060156621144314214156411554350053401405035
1730	46.71	56.4	465666156606544153341266050225340155034356155004516020535511452400465452363332052322323552505540042650013332001554011431255156251555361663425011004601320141505650546014154153232153543535543056552153624060156621144313213566451554350053451405515
1740	48.97	59.2	465406156606545154641266050625240153034616155004516010535511452400465452363312052334323551504446042026013532001554011431255156251555261663425011004603320141505650446014154153232153543535543056552153124060156625144313254156451554550053401405035
1750	42.61	59.6	465666156626545153641616050625240155034616155052521250535511452440465452363332054522323552522240042650413532065554011411255156251555261663425011004603320101505650446014154153232153543555523056552153624060156621144313254566416554350053451405035
1760	48.68	58.8	465666156626545156641266060625240153034616151004511250535521452400465454363312052336323552505540042650013332001554011531255156251255361663455011004603320142506650446014154153232153543535543056552153624060156621144315215566416554350053451405035
1770	47.87	58.0	465666156426545156641266060045241153034616155002516020535514452400065454363332052336423552505540042056032032065554011411256156251555261663425011004603320101505650446014154153232153543535503056552153624060156621144313213556411054000053451405035
1780	47.04	58.0	465663156626544154641266050625240153031146155004516010535511452400465454343332152524322352505446042656032030065554011411256156251555261053425031004603320142006650446014154153232153543555523056552153624060156621144313211156411054000053551405035
1790	44.94	57.6	465666156626545156641266060645241153034616155002511250535521452400065454363312052534323551504546042656032030065554011411256156251555261053420031004603320142006650443014154153532151543535503056552153124060156621144323214566416524350055451405035
1800	47.93	59.6	465666156626545156641266050625240153031146155002511010535511452430465452363332054322323552505540042656013532001554011431205456201555261263435011004601320141605660146014154153232153554555523056552153124060156621144323214566411054000056451405035
1810	48.18	58.8	465666156626545156641266060625240153531146155014516010535511452400065452363332052324322552505540042626012032665554511431256156201555261463425011042605320141505550346014154153232153543535503056552153124460156621144313211156411054000056401405035
1820	49.22	58.4	465660156626545156641266050665240153031146155002511250535501452600065452363332152524302552505446042626012032000551011431255456201255261463435031004603320242006650146034154153232153544555523056552153124060152621325314211156411054500053401405035
1830	42.55	58.4	665666156626545156141266060622220153031146155002516010535511452400465452363332156524322552505446042650032032000554011411256136601255341463425011004601320141605660146034154153232153544555503056552153124060156221144314214556411054500053401405035
1840	47.89	59.2	465666156636545156641266060645241153066146155002511250535511452400436454343330052534322352505446042626032052000544011431205466201255361463425011004403320142006630146014154156232153554555523056552153624160152621344313211156411054500053001405035
1850	49.8	60.0	465666156626545156641266050625240153501146155003511010535511452400436454343330052534322352505446042626012032665554011531205405103552251463425031003601320141505660146034154154232153554555563056552153620160152621344313314556411054500053401405055
1860	47.69	57.6	665666156626545156641266060625241153031146155002511010535521452400465454363330052534323552205430542126012032665552015431205466241255351443425031004401320131605660146034154153232153544535523006454153124060152621144314214556411054000056415405035
1870	49.48	61.2	665666156626545156641266050625240153031146155002511010535511452406465454363330152514323551502240042126032032665554011411256136251555261463425011004601330141505660146034154153432153544555503056552153124160156621144314211156411054500453001405035
1880	50.02	60.4	665666156626535156641266050625240153031144155014511015535111452400436454343330152514322352505446042626012032665554011431256166201255341463425011004601300142006630146614154153232153544555503056450153154060156221644313111156411054000053455405035
1890	44.98	58.8	665666156626540156641266060625240153031144155002511010535511452600436454343330152514322352505446042626032052665554011411256166255255311463425031003601310141505660146034154153232153544555550056352153424060156621244313214556416054500053431405035
1900	49.55	59.2	665666156626540155641266060625240153031144155002511015535111452400465452363330052534322652405446042126012032636534011411256136251555261463425011003601350141505660146034154153232153544555550056352153424060156621344314214556316054500053431405035
1910	49.3	56.8	665666156666545156641260050625240153034646154002511015535111452400065452363330152124322352505446046622032052665554011431254166205255311443425031003601320141505660146034154153232153544555523056450153624060156621244313214556411054500256455405035
1920	50.26	58.4	665666156636545156641260050625240153034246154014511010535511452400465452363330052124322352505446042650432032000554011511256166203255311463425061003601353101506630146614154153232153544555550056354153124060156621244313214556411054000053455305033
1930	46.86	59.2	665666156636545153641266050625240153034646154302511010535111452600436454343335652124352552605130042650032032000554011511256166203255311463425011004603320141506630146014154153232153544555650050450153154060156621244313214516411054500256455405035
1940	49.59	58.4	665666156636545156642260050625240153034146155002511010535511452400465452363330152124322352605030042626012032565554011413254126205551261463425010004006350146505660146414156153232153542555553055450153154040156621244313211146411054560053455404035
1950	46.29	60.0	665666152666545156641266350625240153234646152002413015535111452405436454303330052534322352605130042666012034565554011413254166205551261463025011003001310111505660146014156153232153544555553056355153054060152621344314214556411054500256455403035
1960	47.32	59.6	665666156636545156601266050625242153234646154002511015535111452405065452363330152515053551505446062626032032565554011413254166205555312403035010003006310141505060146614154153232153544555550052350153054060156621244314211146411054500053455404035
1970	49.45	58.8	665566156636245156642266350625240153266146154002511010535111452400465452363330152515053555505446042250532034565554011413254166205551261463445411002001310141505660146064154153232153544555553050452152624160156621344314504556401054500256455405035
1980	47.3	61.2	665666156636545156640266350625240153031646154002411015535111452400436454343330152515023551535446062650432032565554041313454162205551261443425010004001310111505666146014156153233153344555550056450153054060152621344313211146411054560053455404435
1990	48.64	58.4	665066156636545156641266050625240153234646154102511015535111452600465454343335652124023552505440042650432032565554041413256166255255311463425031003601310141505660646014156153212153544555523056450153054060152621344324204556413054500256451405035
2000	47.37	60.0	665666152606545156632260053625240153035642154002511050545111452405435452363336152515023552505440042650532052000554031413656166201255511463435031003601350146505660146014156153232153544555520056450153054060152621344314204146411020560056055405635
2010	49.31	58.4	665666156636540156201260050625240153234646152002411015535111452410065452363036152535423552505440262626032032565554011416254262205551261463425031003601310141505663146014156156232153544555523656350153054060155621344324512146411024560053455404035
2020	48.81	59.6	660666156636545156641266050625260153031646154002413015535111452500065454343335652024023552605446042650430032565552011411244166205551221463425031003601310141505660146014156156232153544555523652350153124060152621344314204146411054560053455404635
2030	48.94	58.4	665666156636540156332260050625240153031646151002511015535111452410065454343330152515023552505340262650532032565554011416254262205555261063425034003601310141505660146014156156232153544555523356452153054060152621344314204146411054560053455404635
2040	46.86	63.2	665666156636545156641266054625240153031646154002113015545111452400465454343325652134023552505340062626032012565556011416254266201251261443425010004011310145502660146014156155232153544055523356452153054060155621344313211146411024560053455404035
2050	49.28	59.2	665666156636545156202260053625240150031646154002511015535111452410065454343330652515021552205450362620032032565554031403054166205251261443425024003003300141502660146014156155232153344515523356452153054060152621340313504146411054560053455404635
2060	49.04	56.8	665666156636545156332260050625240153131646154002513005535111452400465452363036152535423531545040262650532032565554311511254165205505261063425031003601310141505060145014156156232153544555523356402153054060152621344313211146411054560053455404435
2070	49.73	59.6	665666156636545156332260050625240153031046154002013015545111452110462452363036152535423552505040262650532032565554031411254142205551261443425010004011310145505663146010156155212153544535523356350153054060155621344314204146411054560053455404635
2080	46.11	59.2	665666156636545156332260050625240153034546154002513015545111452405065453364032152535423552565440462600532036565254031403054246251254561061465030003601310145505560146014152153232153544555526356452153054060155621344314561143011054560053455404035
2090	43.56	60.8	665666156636545156601366053625260153031646154002513005545111452405065453363036152535463552546340212650042032365554031413254166251254511043425010001601310145502663146014152153232153554535523356450153054260155621344314564146441014564056653404035
2100	47.84	62.0	665666156636545156601340050625240153134546150002513015535111452400466452333230652535423552545040262626062032565554011416254166201255261061465030003611310115505633046014156155232153544535523356360153054060156621344214564146411654560053455404635
2110	47.75	57.2	665666156636545156641260050625240153034546154002013015535111452400466452333036152535423552565440562650541032565554011411254146251254511061465030003601310445502660146014154653532153144535126356350153254060152621340313504146451654560053425404635
2120	49.53	57.6	665666156636545156601360050625240153164546154002513015535111452410465452363036152534023512566040262620032032565254031403054166201255511043425010001010310445502663146014152653232153544555326356452153054060155621344313204146411014564053435404635
2130	47.03	59.6	665666156636545156601340050625240153134546154002513015545111452105065452363036152535123552565440562650541033565550032403254246251254511043425010004011310145402660146014152653532153144555533356450153054060156611344314564146411654564050453404035
2140	42.62	59.2	665666156656545156601340050625240153134546154002513015545111452105065453363036154535423552545040262656032032560504031443254562244551261441465030003651310445505560146014152653532153544555533356452153054060155621344334504146411214564053425404635
2150	44.96	58.0	665666156636545156601340020625240153036046152002513065545511452100465452363036155535123552566340262650032032565554011413054362244255261061455030003601310445402660146014152653532153544555326356652153254660155621340313204166451654560050403404035
2160	44.65	59.2	662666156636545156602266050625240153136046154002011015536116452405065453363036154535423252545040262652532032560505011413254462244551231003455110004011310446502260146414152153232153544555533356450153054060156611344311564046011014560053425404635
2170	45.98	58.0	665666156636545156601360450625240153036046154005413015545111452405665450363036152535423552565440262660542032565554011413254462244551231003455110004011310445565560146014152653532153546555326356652153254660155621344314504146401624560053425404035
2180	46.66	58.4	665666156656545156642260050625240153036046152002513015535111452301665453363056154535423552545040262350532534565554011443254562244551261043425010000011310445505560146016151652232153144555326356452153054250155621340313201143011054560050453404035
2190	49.48	59.6	665666156656545156642260050525240153034546154002511015545211452400666452363036254535423252545040262660542032565554011411254162205255511443425030003651310445505560146016151652232153144555326356452153254660152621244311204143011654560050615434035
2200	47.61	57.2	665666156656545156642264050625240153036046152002011015533116452405046452363036154535423552340240262651542132561554031441254146205255511043425010000011310445502560046014152653532153544555326356652153054060155621344313201146411054564050453404035
2210	50.11	59.2	665666156656545156642260050525240153036046154002011015533116452405063453363056152535423552545040262650532432561554011443254562244551261061465460004011310445502660146014152653532153544555326356652153054060155621344310564146311654560050615434035
2220	48.93	57.2	665666156656545156642264050625240153036046152002513015545111452400665452363036164535423552340240262630542132561554031141254146405255611033455010201011310446502660146014152652232153546555326354452153054060150621334313201146451054564050613404035
2230	47.25	58.8	665666156656545156642260050525240153036646152006513015545511452305065453363056154535423552343240262650032032565554011443254162205251261061463430004011310446502660146014152653532153544555333356452153054060150621344313564146311014560050615434035
2240	42.17	60.0	665666156656545156642260050525240153036636152002513015545111452400665453263056164535423552546040262650532534565404035413254162205215611033425010000651310145502661146014152653232153144555533356552153054060155601344313564146311014564050453434035
2250	44.45	59.2	665666156656545156642264050625240153036646152006563015545511452305065453363056154535423552343240262650032032565554011443254162205251261061421010000651310445105560146016151652432153546555533356462153054060150621344313564146311014564050453434035
2260	49.15	57.6	665666156456545156642164050625240153036046152002513015545111452400655452363006152535423552515240262660032534565502036413454162106255261061625010001011310446502660146014152653532153544555326356652152054063155621544313564141311014564050455404035
2270	50.09	59.2	665666156656545156642260050525240153036046152002513015545511452105065453263016152535423252506045262650542132511502036413454162205251261061625000001011310445502364046064152653432153544555326356452153054063155621344313564146321654660050615434035
2280	49.28	58.4	665666156656545156642230050525240153036046152002513015545511452305065453363056152535423552146040262650032534565502031141354106405255611061463430001312310446502560146016152653232153546455533356452152154060155621544313564146311654660050453434035
2290	49.89	58.8	665666156656545156642260050525240153036646152002513015545511452305065452363016154535423552546045262650032032565502036413454562206255261063425030004112310345502364026064152652532153544555326356452153154060150621544313564146311014564050315434035
2300	47.62	57.2	665666156656545156642464051625240156036046152503513015545111452305065453663056152535423552515240262656532132561324031101454162605351261061463030001011310445502360146016151653242153544555333356451153054060153621324313564146311554610051615434035
2310	49.28	59.6	665666156656545156642030050525240156036046152006513015545511452105265453263056152535423552545240262652532132561324031113454106405251261061625014001112010426502664026064152652530153144505333356456153054060150621344313564146311654564050115434035
2320	38.01	59.6	665366156656545156642464051325240156436656152002513015545511452105065453313056152535443252513240262660032534565504011443454106405251261060465014001312310426502663146064152653242153544555326336652153054060150621524313564146311554660050615034005
2330	49.46	59.6	665666156656145156642460051365240156036656152503513015545511451305065453663016154535423552546040262660032534565502036411454162605351261041615030001112310445502334026064152652530153144555326356652153054010150621344313564146311554610051625434035
2340	48.38	58.8	665666156656565156642464051625240156036656152503513015545511452105065453663056152435423552546040262660512032565504011413454162605351261061625010001011310445502364026064154652532153144555326356652153054062150621344313564146311554660050115504035
2350	46.85	59.6	665666156656545156642464051625240156036640154002513014545511452505665453265016142535423552546040262660032534565502026411456162205351261061625010001011310445502334066064152652530153144555326356456153054010150621344313564142311554660050453434035
2360	45.08	58.8	665666156650545156646260051625240156036040154002513014545511452105665453265016152435443252513245662656532132565302034411456102605351211061625010001011310445502364026064152652531153114505536356452153054010150621344313564146311554660050453434035
2370	49.42	58.0	665666156656545156646260051625240156036656154503513015545511452105060453663016154535423552546040262656532132562502036413456162605351261041625030001012314445504334066064152622530153144555533356456153054060150621144313564143311454660050115404035
2380	44.66	60.0	665666156656545156646260051625240156436656152503413015045511452105665453663016152435443552543245612660042132511502434411454162405211211021405030001112304445504334066064152622536153144555526356452153054010150621524313564146311454660050115434035
2390	47.88	60.0	665666156656545156642460051625240156036656152503413015045511451305665450464056153535443552546045662660042134515502034411454366205351261041015014000162310445502364046064154652232153144555533356456153054010150621544363564146311454660050453604035
2400	49.25	58.0	665666156656545156642464051625240156031656152503543011545511452405665453265016154503423552546040262660032534515504011411454162405211211021405030001112304445504334066064152622531153124555526356452153054010150621344313564146311644614052453434035
2410	48.99	57.6	665666156656545156642462051625340156236656152001503015545511452105065450364056154506423552546040262660035134515506434463416162205251211041625030001112313465522164046064154652232153144555526356456153054060150621344313564143321624660050453604035
2420	42.34	59.2	665666156656545156262460051625240156036636154006543015505511452105035453663016154535423552546015262660032132565306434411454162405251261041015014000162310445502364046064154652231153144555526356456153054010150621524313564146311454614050115434035
2430	49.08	57.2	665666156656545156642464051625240156036656152503543011545511452105065450364056154536423552566040262663042132565306434411454162205051261261625010001013314445504334066064152652232153144550526356442153054010150621344313564046315454660050453634033
2440	49.99	62.0	665666156666545156641660051625243156031666154503423011545511452105035453663054154535423552513215262660032134565302034411456166205051261061626030021022313465522164056064152652232153144555533356456153054510150121524413564146311644660450463604035
2450	49.81	57.6	265666156656545156642464051625240156031666154503543011545511452105065453665016154535423552566140262660542134565356434411416162405251561021405034000112314445504332066065152652231153144550226356242153054010150621324313564146311424650050455434033
2460	44.84	58.8	265666156656545156642664051625240156031666155503543011545511452305665453665016162333423552513245263660042132465306434411454162205211211021625030000162310445502364046064154652531153144555526356456153054010150621325313564046311644614051453434035
2470	49.46	57.6	665666156656545156342664051625240156031656154503413211545511452105065453665016164535423552546245263660042132465306434411454162205211211021625030000162313465504334046064152622531153124555526356452153054010150621524313664143331644614650115434035
2480	45.31	57.6	665666156656545156642464051625240150031656154503543011545561452105065453665016154503426552546240262660542132465302034411444406005211211021405030001112303465524334066064152652531153144555533356442153054010150621524313564143331425624050453634033
2490	49.88	60.4	665666156656545156642460061625240156031656154503413211545511452105065453665016154505240552513215266660042432465316054011416162205241261021405030401110314441504334064064154652531153144555533356442153054010150621544413560146331425614050453434023
2500	48.28	59.2	665666156651545156642460051625245156031656154503413211545511452105035456665016164435423452546040262060542132465302034411444406005211211021405030001112304465524334066064154652531153144555526356242153053010150621344313564143331425614051453434035
2510	47.23	60.8	665666156646545156652664551625242156031656154503443011545511452105065453365016164435420552546240266660042132465306054411444402205241261021405032001112304465524334066064154652531153144555033356456153054010150221344313564146315425614051453434033
2520	37.24	62.8	665666156656545156642614051625240156031656154403413211545511452135035450253016154435423552546040262060542132465306034411644400005241261021405030441110304465524334064064154652536153144555033356456153054515150621524313560146311644664052415434035
2530	45.45	60.0	665666156666545156642664051625240156036666154403413201545511455035035456663016154435423552546040262060542132465316034411644402205244260021405032001140314141304334066064152652231155124555533456456153004610150621524353564146311644640650453634045
2540	47.88	56.8	665666156656545150642664051625240156031666154403413201545511455035035456663016154135423552546240262060002130465306034411644406205241261221421030411140314141304234066064154652531153144455533356246152304510150621524353560146311644644650115434030
2550	47.2	58.0	665666156656545150642664051425240156031656154403413211545511452135035456460016154434420552546240266660002130465302032411444462205241211021405030401110314541514334066064154652536153144565533356450153004510150621524353560146311644644650113634030
2560	46.77	57.2	665666156656545150642664051425240156031656154403413211545511452135035453665056154434420552546240266660002130465302034411444102405241261221426030411140314441304334066064154652536155124555533356452153054010150621344314564146313644640650453634135
2570	48.18	59.2	665666156656545156642664051625240156036666154503413211545511452135235456465016164035463552513215266650002130465306034411644406205241261221426030411312314441514334064064154652531153144555533356452153024610150621344313564146313444614040113634135
2580	48.87	59.6	665666156656545156642664051625242156031656154503413011445511455025035456665066154635433552513245262060012130465306034441444404005241261021425032001112304465514334064064152652231155124554533356242153004510150321521353534146313644640650115634030
2590	41.52	58.4	665666156656545150642664051625240156031666154403413211545511452135065456463016154535433552513245262060002132465306034411644406205241261021425032001112314641025334064064152652531155124555533356452153014510150321344314164142331420614050453634135
2600	46.85	60.8	665666156656545150662664051425242156031656154503463211545511455025065453665056154435463552513245362660502150465306034411444102405241261021426032001162314441514334064064154652236153144545533356450153004510150621344314164142331420614050453634130
2610	48.56	62.4	665666156656545150642664051425240156031156154503413061545511452135035456465016164435460552513445262660502450465306034411444102405241261021403132411110314461514334064064152652231155144005565356552153004510150621146513564146313620614056415634035
2620	45.75	59.6	665666156656545150642664051425200156031656154523413201545511452105015453465016164435433552513245362660502150465306034411444102405241260021421030001112314141020334066064154652431155144514530456442153055110150621146513564146431420614350415634035
2630	46.47	60.4	665666156655525152642664051425200156031656154513463211545511452135065456665016164435433552513244262660042132465001434411644406205241361021425022001012314241510334064064154652231155124554530456456153004510150321044314164142313644640150453634035
2640	48.69	57.6	665666153653045156642654051625240156031556154503413211545511452135034456465016164434420552513445262660502152465306034411444162405241261021426022001012314241514334064064154652236153144054566356452153004514150621314313564146351640610650453634035
2650	45.74	56.8	665666156655525152642654051605240156031656154503413211545511455035065456465016164435433552513245362660502550415001034410444102402241261021425030431100314251524334564064154652231155124554530456252153004510150621314313564146331640410650453635035
2660	50.04	60.8	665666156656545156642664051625240156034656154503413211525511452135065453465066154434433552513245262660042132465051034410444462405241261021425230401112314501524334060065152652431155124554560456456153004510150321314313562146331640410650415034035
2670	37.58	58.4	665666156650545154642664451625260156036426154003453011545551455135065456425016164435430552513245362660042130465306034411254162205241261021425230231140314421524334066534154652436155124555566356452153004514150621146513464146331420610550455234035
2680	49.68	59.6	665666156653545156642614451625240156036456154513413011545511452135065453425016164435533552546245462662502450465001434411444160205241361121425030401112314501524324064064154642431153144055566350453153004510154321314353564142341443610240255234035
2690	44.74	58.4	665666156653545156642664051605540156036456154003463011535511455135065456665016164435436502513240361660505132465301434411444162405341261021425230401110314401524334060065154652236153144055563456452153004512150621344314164142331620614350423634130
2700	49.1	59.6	665666156656545156642664451605200156036456154503513210545511452135564456665016164415430552513240361262502450465004034411640502405241561121425030401140014421510334056565154652236150144055066356451153004512150321344313564146351640410650453634135
2710	48.99	58.4	665666156656545156642664051625240156036456154003253211505511456135064456125016164415430552513245362660042130465606634442644162205241561121425030431140312401514334056565154652236150546055066351452153004512150321344313564346331420450550453634035
2720	47.93	58.8	665666156656545156642664051625240156036456154513453011525511452135064456125016164435430552513445261260505132425306034411444162205241561121125230431142314201524334060664152552236150124554536356452153004512150321344313564146051640420650453634035
2730	49.38	58.8	665666156656545156142664451605540156031656154513453011535511452135064456125016164435430552513445261260505132425306034411444162205241561121125230431142314201524334060664154652131155124555550456452153004510150321314513364146351340114650453634135
2740	46.46	56.4	665666156656545156642664451605200156031456154513453011535511456132064456625016164415430505513240202260505132425306034441444162203261561021425230401143314501524334056664152552131151124554500356452153004514150401146513464146351420610550453634035
2750	44.83	59.2	665666156656545156642664051605240156031656154513453011535516455132064456465016164435440252513240361260505132465306034413640102405261561121425030431140312401524334050664156652431155124554530356452153004514150621546513464146331420460650252634035
2760	50.2	57.6	665666156656545156642604451605641156334656154513053211505516451135031456665016154435430552513240361260505132465306034441640162205241561151425030431342314501524334051014154652136150144055030456452153004112150321344313564146351420610550456634035
2770	50.19	58.8	665666156656546156642664051625240156031656154515463261535511455135031456465016154435430552513240361260505150465046034441640102205241561121425030431140314201554334254014154652136153124555563056452153004512150321111353564346353140410650252634034
2780	46.3	58.8	665666156656545156642666451605200156031656152015053211505516455105031456465210142415430552513240202660505152565306034441640102205241561121425030431140314201524334054064152542236155124554536356452153004514155321144313566246351640410650252634135
2790	46.38	58.0	665666156656545156646564451625240156031656154515462211505516455135031456465216164415430552546345451660505152565305034441054165005241561121425230431145314201524334056565154652136150044055063456452153006514150321544313564246351640460650252634033
2800	49.11	58.8	665666156656545155642664451605200156151656154515453261535511452335001456465226164415430552513240361260505152565304034411440102205041561121425000431140314201524134054014154652131153324555563456452153004114150401144313564346353140460650252634034
2810	47.71	57.6	665666156656545156642662451605200156031656154513453211635551453132034456465000143415430502513240451265505152565304034011440402205241561151425030431140314201524334056565154642236153144055536356452153304510150351544313564246351640460650252634035
2820	48.95	58.0	665666156656535156642364451605240156051653154513453211505511455135031456665016154465430502546345451660505152565324034441640102205241561151015030431140314201524134056564154652231153124355563456432153004514150501144313564346351640440250250664034
2830	47.36	60.8	665666156656445156642664451625250156051653154513453251505510455135031456465216154415430502513240256660505152565324034441640102205241561151015030431140314201024334055565154652231153124355363456432153004510150321540313564246351420415650252234135
2840	47.5	60.0	665666154656545156422664451625200156031656154513451211535511454335001456465226164415430552513240256660505152565324034441640102205241561121425000431140314201524134056565154652236153124354563456432153304510150501144313564346351420410650252234135
2850	48.57	58.0	665666156656545156642664451625200156151606154513453211235511455135031456466001264455430502346345456065505132465024034411640162205041561121425000431140314201524144055565154652236153144055563456452153304514150401114314164246351620560650252634034
2860	48.49	59.2	665666156656546156643664451625200156031656154513451211535511454335031455665016164415430502513240261460505140565324034441640102205241561121425000401113314201024334056564154652431153124355363456452153304114150501146514564146351420610650212634035
2870	47.12	57.6	665666156656545156642664451625200156031656154513453211235511454335001456465216154415430502513240261460205132565306054441640102205241561121425000431140314201524331054564154652434150044355566656452153304514150401146514164246351610560650252634135
2880	46.92	58.4	665666156156546156643664451625200156031656154513453261535515455035064456465016164415430502346345456465505132165306054541640102205041561121015000431140314201524331054564154652434150044355363456432153004510150501311313566246351420610650252634135
2890	49.27	56.8	665266156156545156642664451625000156031606154513453261535515455035001456465016154415530502313642461660505132465306034442440102255041561121015000401440314202524334056564154662434150044355363456432153004114150321540313564146351420513650252634135
2900	50.09	58.0	665266156156545156643664451605240156031655154515453261535511454335064456425016154415430502113345456060505152465304034411440402205041561121425000441113114202524336056464154652236150344355363416432153304114150321540313564146351420466650252634135
2910	47.24	58.4	665666156156506156643644451625200156531416154523453261535511454335001456465016164415430502113345456060505132465304034441640102205041561121401000431140614201524134056564154662431153424355566656450153004114150321514316564246351420460650252634034
2920	46.72	59.6	665666156156545156643661451625200156151655154515453261535511454345301456465016164415430502346345451460525132465304034411440402205041561121021060431113314201524134056564154542431153424355566656450153004154150321514314364246351120610556212634035
2930	45.27	59.2	665666156156545156643661451605200156031656154513453261335515455035006456465016154515430502516345456066505152165304034411440002253241561121425000401140314002551336055565154642431153424355566656452153004114150321514314314246351120666650252634033
2940	46.29	59.6	665666156656545156643661451625200156030656154515453261535515455035001456465216164415436502346345451460525031165304034441443002205241561121401002431440314202524131055565154602431153423355363456430153004114150501114313564246321120610550212634035
2950	48.67	58.8	665666156656546156143664451605200156031056154513453261335511454335064456465016664415430502513642461416505152160304034411440402205041561121021000431140344425524134054564154602431150024355363456430153004114150321514314364246351120610550212634035
2960	48.12	58.0	665666156656546156642661451225200156151616154525453261335115454335006450465016664415430565346345401566505132435306034411640102205043561111024060431150314201524134456561154662231153424355363456430153004114150321514314364246351120610550212634035
2970	49.44	61.2	665666156656546156642661451605200156031615154425653261535511454335064452465016664415430502503642461416505132435304034411440402205041561121401000431140314201524134456161154662431153024355363456422150004114150321514314364246351120610550012634035
2980	47.13	58.4	665666156656546156143664451623200156121355154525653261535515455035064452465016164615136502513345461466505152160304034411640142205041561111021060401140314201524134056561154662431153024355363456430156054114150501114314364246321120410550052634633
2990	46.12	58.8	665666156656546156642661451605200156031616154515653261335511455145006456465016153415430502513342461466505135465404034411440402205041561121401001431140314221524134456561154602431150024355363456420153054114150501514314564246321140410500232634035
