PopulationSize: 500, CrossoverRate: 1, MutationRate: 0.001
0	-456.8	-50.32	156261405300534420543150241003155105606555010002011135134540241323512663111655065526536223160401304644625524655523560132403303433631262421210156214356042130210322561241662363246250260040410265535421654552623100044225064612443436416312305410561
10	-84.09	5.0	206226062643521443241430066402064625215220452464114022516326500215661023463235465362506561143421103054525426616042642005054363001642356014141422656564610205312335031256446436656250533206236236013455431525421034033151045050132355550206616616222
20	-9.82	7.0	452012441253135251126225150413612526663361562522146111511516652021125340640663642251205166100406145336202504156651163605522446110551563123261256366302215205552116144465456532664453550204165614634121434415250546144611153343424441153161405642235
30	2.01	9.2	622516065016132453243411250413612526663341562522351306606632541404233136503246305240053060333002223355653213014062115535656453160400430062364656366402215205552116144465456532664452633004161152213455434412250546556364131130323265455531505151204
40	4.75	9.6	423012441253132452562366212314441622316432005322351306606642315101442363421040210246403060333002223336121351531440044260226253626336653060242656366302615205504320035165456532664452633004161152213455434115250543033151153360323306030264405642205
50	5.28	10.8	423012441253132452562366212314441622316432042121351321430464250041233136503246305240053060333002223355053213041640044260220243130551563123261256366236040205552116144465456436656250533216236152213455454412250545612354043444124441253561562651553
60	6.41	12.8	622233223424034156553366212454414462312432005322351306606642415101325336503246305215045200152636541455042150664655044255641425456102540123241423616302211205552116144465451436656250533216236152213455454412250545612354043454543440536215005151204
70	6.94	13.6	623012441253132452531366253314441212416432012120543132036251050046233136503246305215045200152636541455042150664655043655106055423212502153436123616502211205552116151165456536656250533004161152213455454412250545602354043462151656601661562656505
80	7.66	18.0	625012441253465452262601650222032622316432005365224325446632061016433136540646305215045200152636223355042160664655044265256213124424232153436123616502211205052116151165456436656250533004136152113455254412250545144654043152546151253561502651535
90	10.31	19.0	621413020253132452152366650454312662445050453510465112136051050041233136503246305245045200152636501455152113041044043655106055423212502153436123616502211205052116151165456436656250533216161152263455254112250545144611041344124441253561563642505
100	10.82	19.2	452036616253132452562316650454312662445430453510465112136042461453263136504240225240053060352002223355052150621440053055106053423212502153436123626502216201052116151165456436656250533004161152213455254412250545444612041342544153055241505642235
110	13.21	24.4	452036616253132452562225651454112662441050652120551306606640652123213503456324155410053060433002243336205504351203061655106023110551563053261252656502215205552116151165456456656250533016236152213255254012250525144615041152124441253361562651630
120	14.79	29.6	452036613253132452562601650414441452441050653520243320636242641436203106556324305215044200252636541455042213064654061265654213113212502046424251656102211245552116151115456256646250533204136152213455254412250545143611041644544151030264401236555
130	21.69	44.2	452036616253132453562225150452031212415050453512355112106251541440233503456324155410053060130002223334205504151240053655106213110554563053224251656302211245552116651115456256656250533016236152213255254012256542143611041644124153655241105644505
140	23.67	43.6	652036611253132452562126650452031212411050653510451132606640621400233106456324155416053060102632253336242504664204061655106023110512531143424251656302211245552116651115456256450250533004236152213255254412250545412354043452546153603561562654503
150	23.74	46.4	652030616253132452162225650454112222415250653410451332606642641436203106456324155416053060352002223534205504151240451655106023110541563053261252656501215205532116251115456256453250533004236152213255254414250545412354141644544153055261562642235
160	25.35	58.6	652036223253132452531126650654244622411250653510543326606640652120233036406324210230053060352636241656305564351654261265106023113552502040424251606302211245554116651115456256456250533004236152213255250012256545143611043444544153055264401636235
170	30.6	62.8	652036613253132452531126650654244622415250603450465125636251654126233136563046305650053060353636223355042504151240044655306023113212502044261251655302211245552166651115256256456250533016236152263255250012255445413611031324124450203561542654505
180	33.06	56.0	652036613253132452531126650654244622415250603450443312103032044126233136563056215230053200152636221453012150664655044655656263113551502043424251656302211245552166651115256256453250533104236152213255254412250545412354043444124451253562062151264
190	38.83	80.12	652036211253232452162225650654315212315250653510465125636251654126233136563046305650053060353636223334205504151240044655106023113216502043424251656302611245552116651115256256453250033104236152213255254412250545412354143644544153055264401536353
200	48.74	93.2	652036613253132455531126650654315212411256653410460120636251040000433546253056305650053060353036223355052504151054454655106023113054563053260252606302211245552116651115256256456250533001236152213255254412250545412354143644540111253534405151264
210	59.63	110.92	653036613253132455531126650654111222215250653450465120636640050023263136303044503650053060351666223334205504051054053655106203110054563053261251656302614645552116651115256256453250433016236152263255254012256445413611031324544153055234401151264
220	72.9	124.8	653036613253132452531126650654111222215250653450465120636642320026235136456326305650053160353636221455042504351650044655156023113212502044261251655302214345152166651115256256453250533104236152213255254012256545411351032324544153055264005622553
230	83.6	135.8	652030626253132052331336250154211222215250653450465120636640250023265136503046305650053160353666223354042504051054053655156203133216163053224251656302511245552116651115256256453250533016234152263255254015256445413611031324524451253562005646450
240	111.19	169.2	652030626253132052331336250154211222215250653450465120606251240046235236503046305050033060353636223355042504051054053655156203313312502044261221656302211245552116151115253256453250533104236152213255254015250545413613034324544153003561401536535
250	124.53	177.72	652030626253132052331336250154111262215250653450465120636650250023265136503046605050053060353066223355042504051054053655156203313312502053224251656301211245652166651116256256453250533164236152214255254415250545453611153152526151203561505651535
260	134.05	190.0	652030626253132052333336250154611222215210653455465120636051040023233106453046605650053065353634223355042504051050054655156026313316123053220251656301211245652166651115253256453251433016236152213253254415256445412621031324544153055214405342553
270	140.38	194.2	652030626253132052331336650154611222215210653455465120636050250023205136303046305050053060353066223355042504051054053655116203313312502053224251656301211245652166651115256256453250533104236152243255254012256445413111031352344151203561505656500
280	148.28	212.8	650030626253632052332336250154611222215210653350465120636051040023205126303046305050053065353666223354042504051054053655156203313311502053224251656301211245652116151115253256453255533016666152213255254012256445442621153350544151253562001156235
290	152.83	220.2	650030626253632052332336250154611222215210653350465120636051040023205126303046305050053065353666223354042504051054054655156203313516163053220251655302211245652166151115251256456254533156236152243255254012256446442611053224545153055564505642553
300	158.7	226.6	650030626253632052332336250154611222215210653350405120636051040023005136333046305050053060351660103354062504051054053656156203313312502053224251656304211245652116151111256256453255533106236152243255154015250545413611004322544151003561501646235
