PopulationSize: 100, CrossoverRate: 1, MutationRate: 0.005
0	-451.48	-59.0	345405216104234651524361340242101510552601261432632203461024024635450120456502222140311264642362553012662262656641240350362356125630325462264616515443046530522255332340412666666651545423044251440244652336451253633401601456104641406530534504431
10	-44.01	7.0	633310463246313222211110552356052151315126422550626214603365303152642330052663452140656420232620024600021100630235446041216163054336644633264616515443046540522255332340412666666651545423044251440244652336451253633201601456104641406566101440030
20	-2.78	4.8	633310463246313222212110552656652151315126422550626214603365354652342504456602222140611260123042024000021650630235440042206163054346644633264616515443046530522255332340412626310210503553004251440244652336451253633401601451105541406466101110030
30	-2.68	9.4	322155466246314252211110552356652151315126422550626214303365354625454300061423055140646420232620064601025100014261123631143414446104052503664616545446062540522255632340212666220456123423034251440244653336156153633401601450124141402303122203142
40	-3.24	11.0	345455266246324254211111552356652151316126222550026254343365354124460600061423055140651260123052024000621650014065146041215163034346642503264616535443062544622055332340652466220456123423014251440244653336155453133201601554104653332631565615614
50	6.18	13.6	632155466246314252211110251356654151315126622360666214603362554035021300264463222140656423236651124606021510630230146041243454446104452502421254134432260543622055312344452466250456123423612251440254653336151203030431605451104641006566101443142
60	1.29	18.6	345454465266314254216510552356653151315126422550636214503352554035021300261463222140656420132220021601255104014261146041243420004316644633264616511443046530522255432340452366224456022433014251340154612331156153632401611456102106460106503215614
70	-1.95	17.4	345455465246314254610040632156653151315126622350666314300265354326454350662463452120656420132220021265021510630235445041213444410104452542264616512443046514662555332300452665224456123423014151440154612331156163632401061454104653332633365615630
80	6.69	20.0	345455455246314254611040335153653151315126622350664214600361333152642320612463452124656420112253124604421153652265146041153453616204452542222454105442262540524500133340452366220456123421014251440150652336156133632501611440104653332635125615616
90	6.51	18.6	345456265246314254311440332116654154316126622251246014600352333132452120641306452350656423232263041603021153612265146041403454456114452502430454511443046530462555333340452364220456223223010261640150652336155053630401601450100653332615425655614
100	4.49	19.6	341455455246314254361040332156653150345126620350664244602265354326454350625366452350654411232653041600021153652265146041403454046164422502460453112443046541622255333340452360220456123453011251464150651336150133632501611450104653332635124615614
110	9.49	21.6	345055455236314256611440332356654151315025622350664214602365354326454350625366453350654411232653041600021153652265146041213254156105452402420454511453046564122255333340451360240456243423014151244150661316150133632501601450100653432615425655614
120	5.04	34.0	345255454246354254311040132153653151615126622434664244602535354326454320624366452350650413232653041600041153650665143121263454456114452552222254111243041541622455333630452360220456226453022253454150614332156153152441601453611453332635163612611
130	8.88	31.6	045455452326354254613240332153651151315124624350661214630365333252642320621366452350650413232633141600041153650665144141213254456114452552242254111243041541625455533340152420640450120423010251440150651336150035633501601450100652332635135613614
140	15.22	34.6	231352452226354254611240332153652151311126624350264244605365354326142323625362452630656413234253061600651153654205151121213454456105402402422412511453046515623235333340152310240450223453014355244150651436150033603441601450111452332635135615414
150	8.25	33.6	231352452226354250361040332156652151315126622450564214400345343256624630625066422350650413132653045600141133050665146041213454406105402402422412511454036514525035333300152360540450120423010251440150641436156233632442621414126653362635133615414
160	13.63	38.6	221352252226354250361040332155651151615126622450661514400355342256624650625166322020656420232653041630041132650665143121213454456106442205426254511454046512625205313341152310640450121423614421444153651436150033603441601450111452330635135615611
170	8.74	38.6	221352652226354250361040332156652151315165622424143214400355345256624650625466322050656420232655045630041163650665143121211454456104402402422402511454056512623635333340150420643426125425614521444150651436150030603441601450111453362633065615611
180	14.57	39.4	221352652226354220361040332155651150210154622450664234440355342236625650625266322050356420232655045630041163650665143121211454456104404402422452551350446515124235334640152360646253266453652455334155614336156135232416401450112653362633053612646
190	14.91	44.6	221352652226354220361040332156652151315126225452561214000355343562625650625266422355656440232655045600041155410656140121613353056106440302525516164444606515124235333510155160630250246454216455314150651412150233232416301450112653362633053612606
200	15.0	49.4	221352652226354221315242335156252151315126225432161214400355343252425650625262422050356420232655145600041152110626146121215454456106440302265416164444606512624235434640152435640253266253216452314150651412150033603431606450111454336635063612446
210	21.42	52.0	221352652226354254315242334156652150215462623452132214400455342252425650621266322053356421022465045606041155610656146121215454456105646302420452511455446515224235333610152460640253266256062455334150651413150233232416351450142653460633053012646
220	17.81	53.8	221352652224354220361040332152654154315126622364143214400355342256645650625206322050356421222465045400041153260655146121211454350103440302235416164445600513624235333612151460640253266213226332314150651461150223603211406450102653362633053611641
230	35.35	65.6	221352652223354250461040325156612151325226622364142214400345242256625650625666322050356421222464045600041365610656140121215451453206442604325416164404606545324234334610152460633153266253261655334150651413150033232211606450112433362634533612641
240	34.59	75.0	221352652223353250461040325156655151325226622334142244400355343254425650635666322050353420252655145310241352110656140621211454454203402622325416164403606643324234334610152460643153206133052225114150653461150033604441606450112633362634513614641
250	33.26	70.4	221352252226354253360444335156612151325226622364142644400455333154425650335266322050353421222464325310241052110656146125215455452136605602325401561455443513624235334615151460640251266221261655334150651413150033235411406550112633362634533612641
260	28.64	83.4	221352655253354250461040325156655151114126623454145514460345240256625550515662522050353421222424325310242565610656140121215451453106402322425411164404606543324230333610151460643153256252561625332150651413150033334641606450102043562133033661241
270	43.14	88.6	221352652253054250361440365156652151114122623454142514405342242252625656325260326050356421222255225600042365614656144126415551453101445601325111164403106543324335333610152260643153256433056655362150651414150034334311646450112630362634413614642
280	34.08	75.2	221352652253054250461040325156655151114126623454145514400345250256625650645262322056353421222424324310243042616656140421215401453301445603325401165044606563624234334610152460653153255431056655333150654433150053032311646453512633312633033664341
290	39.28	94.0	321353652253354226461440325156655151114126653454542514420345250256625650525262322054353420221255125600042365614656144021215401453306602602625102464445606543424335334610152460546153204103056665333150654433150433603211625453512635361633033661246
300	36.77	114.96	251352652653354220461040325156655152114126623444142514400345250256525660525260322050353420221255225600055365614654143021215401453301445601325111164403106043624204334610152360653153655103052225110150653461150033334231626450122635361633533661241
