PopulationSize: 1000, CrossoverRate: 1, MutationRate: 0.01
0	-455.31	-31.52	364552103226500140105563412521105215306541103501445064121646114450411012021405514300136211305352021146321230603361546540416322454452500621053531316504005021106063340261544552451121331222414310520443455241045152261061655611433501422314215302342
10	-61.19	5.6	516435212136463115113306306022054003545010156240612000205030240563564551415612563163332426604004252606044164045314140614231443312533210612211361025451051605321126135610450650445456006345660324665143563164455150634443661461200033356652363510632
20	-11.91	9.2	140042004045042263325166444342621455241164324526056155543003614255166016301114142036646414444420401045242636024606030052431141053105013412210550125106252633415026644610456650443254411101522251262456344114255150631050314212352112006613604314252
30	-3.79	12.4	011455044152660554661254414103645203250346441241143302043250624222135132154334132020131042666454541312152063460052306606434625224445103043054350120340402223415026644510456250403254411111522255262456344114255150631050314212552112006613604316252
40	-4.83	15.6	612406123266026205344341512540024111416644043435522605366653315250630210461200600255324112365366121060652041636335211351404625012425044114410251300532165653135026254610451253043251511411126341222456351114255150624445054011454436430242032305022
50	-2.68	18.8	650250625440340240326222261156404440245446221135015026044546314564304014323260202406460055545232042106642334014602205032000400450102103053055352425321245152151124644410456250633254461101212351262456255201251040024445054212340164613113233520621
60	-2.21	27.2	652050451240453466552510600660030201256415255131202466023046314660260021424254163620110631654421200254152625412162130600253003012425044214440660125402260150151124154610256250340251210411626351361453154114256110623060334342352012006613604365553
70	2.5	41.4	652032014254120240366345461153422441253363461341614160606455124600133563041420440202445453661003200651004133062033601231105133232414103351315306020522232633610226155415256250431254414411126351265453155446251062044525054236234624431242534503005
80	1.81	37.8	656232014254120240336345461153422441253363461341114425206122004603331563041463056645620105122146306656353320041225445414146041431202643453135154420322260150153422154610256251646255461101215151062456255202251260336455062545331621306003440133440
90	4.72	41.6	652452114054120240366315461156443043155641411133014423352005412633651564051426440202051425364363450136045460245622405150103605464344213456235254631336241462411154155212250255416253540441522150410256255441250040024245064162033432610242510414441
100	9.28	63.2	652050401256160043006301601156253425251610155136600165206352562060645020461251240202051420602031251413132303010310531021031504415341544353505350440062211005010226153633253250532153530441512152152256253246251140644530621041220512062446232224541
110	10.76	72.8	656356454250152256142116544156242541251353461346303055052066264603351564041466440202350425364323255136045066100600106155140124531066421451645124420325560150151022151610250251652253465151425156635251254225251440642255041505364423326442034013452
120	18.64	92.04	656356054254621240446633210154300252251354421662144010426536051223454263045426551624205444601163650136045460145622403150104604464344213456216003602336460152151424150650256250660255613411123153310256254051251453541615000411310513336152011160445
130	32.17	145.2	354356054254126422162343662154651006651353455662114010456034251223453356222336452113612052444120602413045303056606165150144605332341115343115353420352665051361524254210253250546255442561412156530255251053256412544523631262033454115240043514445
140	39.81	145.8	652350054254325412306340210154350252251353665360614461430352302633334266066420533613331115664223643442006560245662243151062056340131334633440055666033560353161020151136254255046251340451514153110252254121251140042535002444450164143464602602526
150	55.42	152.6	656356054254025402006343310155350252253353561641464655206153003343665255061426026654636621600250552664454216050316115156130005462643105401414122605522656032303522254650256251542255440411512150230256251223251140644610332666610515031202163220011
160	66.85	200.8	654356054254625422406240216154353252253353561641464625003056506604505113061426202653205011602266260456641466153052105151204652352015151340636153444136424454161524156610253253131255450146163150255253251124253350103033621126555122006412012604143
170	76.53	203.4	656356054254353240606240212155350252221351460631454615205452511605266365061255001653205016300031224034450306002005250051202652352015151340636153425454020611621121153611253253434255350142321153313256250002250453546606520126326421452346123605614
180	103.59	234.2	653351054255325200306540510155350252250356451641102163453262055604203405561646221653205012602266420466004660600305225152164605445105565532301062140326042405321324154616253256431256344161520154353256255220251140643513401221126352210346206154012
190	119.06	249.6	656356051654320264001533530155350252251353656651461625023054236123264552066416313651405016300031224034540406603065200151104606432055460401203420426450023612661121154311253253434255350142321150135254251022251150643221355512602036442124625435012
200	130.5	266.0	652356052654321444403510310155350254256353426104564654206056063343621510423326612003205053651524254434616102004661205151604362352045151360630045420450462005364063154611252250424255150142353150526253255340256440643513301121533524020250353021010
210	138.27	275.88	652354052654350660464442315155350252251353605445654420023654404362051300303260454654455054002263524050631066153352105151602001642645055431203605006636536430511120154444253250624256412446213153545254255222251146663553301121213013462451214450145
220	145.1	277.6	656356055654325662405410210155356254255356451635624220023054652654653300364466130663205061602663242415450353050353606055253666352311630301454564345450462250435121153656256250442252350142321150125253156250250160105060642022254524060434433435412
230	148.26	271.2	652356056654320366001532520155352252255353423406354620006051622653051515443326612003203053605161602436253436053062106051664036604165465356035560352240226634543121151640250252235255350142323152110250255256151353614322351001654052560204605634016
240	156.48	296.2	652356052655622611361113040155356254255356605365010665006654404653054264451442665053266215303160602063110433055352102622504601642605343404005225254645545605406226154253256250642255350152331150132255254116254154533531131660054051333335023256342
250	156.51	293.4	652354052651352222364133010155353254252355216334502140023053503603055166343365625003005602602203660314411143002002250050202323352356211546634466442300020511004511154616250252235255136155566150253253253655253464436015030261063213300331265105036
260	157.78	307.6	652354052651355252405414000155356252224356653633023620054052454653024201050246101053305253350365254433540104002052152051200614352155152663645211322452241211251426154253255252642255350452361155452253251040250154546066541660513555305335022255641
270	156.34	302.08	651354054652355623402640363155350255255356605311202144022055504653055224315246254002201052102204255440652503601003250651200651355635030146444461340450405126513125154561253254436252340142121150234253150250250160605563301241115021450044220631434
280	159.99	305.8	652355252650353022364112430155356252254355035333063025054051454653055151303341661053201652300665604134031434602005263350206624352355055463565560465322422511001025154634253253353256440001223156212251253616253130344363601603106131620144625163643
290	160.2	301.84	654354052651352660061406212155354252252355205316502142022055504653052203050215621050603054303265401436044406004202106052000646344511130100655566441362044214461026156261255252342255350152226153353254255450255416320525651203600451210415115515335
300	158.78	303.0	653353050651350212015616213155356254254353020603610665054056401351065365011045320001201052652215631136044446103505251051460062302064264503604256440300036124533435150631252256135655350153402156256226254450251154530561613542661452400300631515013
